5.462327451832200040e+02
7.000000000000000000e+01
5.582389267118437601e+02
5.462327451832200040e+02
7.333333333333332860e+01
5.545095473527763943e+02
5.462327451832200040e+02
7.666666666666667140e+01
5.507801679937090285e+02
5.462327451832200040e+02
8.000000000000000000e+01
5.470507886346416626e+02
5.462327451832200040e+02
8.333333333333332860e+01
5.416215692269383908e+02
5.462327451832200040e+02
8.666666666666667140e+01
5.361923498192351190e+02
5.462327451832200040e+02
9.000000000000000000e+01
5.307631304115318471e+02
5.462327451832200040e+02
1.066666666666666714e+02
5.004931686941051794e+02
5.462327451832200040e+02
1.233333333333333428e+02
4.702232069766785685e+02
5.462327451832200040e+02
1.400000000000000000e+02
4.399532452592519007e+02
5.462327451832200040e+02
1.433333333333333428e+02
4.343752806714267649e+02
5.462327451832200040e+02
1.466666666666666572e+02
4.287973160836015722e+02
5.462327451832200040e+02
1.500000000000000000e+02
4.232193514957764364e+02
5.462327451832200040e+02
1.533333333333333428e+02
4.199504698950191823e+02
5.462327451832200040e+02
1.566666666666666572e+02
4.166815882942619282e+02
5.462327451832200040e+02
1.600000000000000000e+02
4.134127066935046741e+02
5.462327451832200040e+02
1.633333333333333428e+02
4.112325402011896927e+02
5.462327451832200040e+02
1.666666666666666572e+02
4.090523737088746543e+02
5.462327451832200040e+02
1.700000000000000000e+02
4.068722072165596728e+02
5.462327451832200040e+02
1.733333333333333428e+02
4.051888232208610248e+02
5.462327451832200040e+02
1.766666666666666572e+02
4.035054392251623199e+02
5.462327451832200040e+02
1.800000000000000000e+02
4.018220552294636718e+02
5.462327451832200040e+02
1.833333333333333428e+02
4.004724706992906249e+02
5.462327451832200040e+02
1.866666666666666572e+02
3.991228861691175780e+02
5.462327451832200040e+02
1.900000000000000000e+02
3.977733016389445311e+02
5.462327451832200040e+02
1.933333333333333428e+02
3.967176206915318630e+02
5.462327451832200040e+02
1.966666666666666572e+02
3.956619397441191381e+02
5.462327451832200040e+02
2.000000000000000000e+02
3.946062587967064701e+02
5.462327451832200040e+02
2.033333333333333428e+02
3.937318263672174794e+02
5.462327451832200040e+02
2.066666666666666572e+02
3.928573939377284319e+02
5.462327451832200040e+02
2.100000000000000000e+02
3.919829615082394412e+02
5.462327451832200040e+02
2.133333333333333428e+02
3.912260470595456354e+02
5.462327451832200040e+02
2.166666666666666572e+02
3.904691326108518865e+02
5.462327451832200040e+02
2.200000000000000000e+02
3.897122181621580808e+02
5.462327451832200040e+02
2.233333333333333428e+02
3.890275008631684273e+02
5.462327451832200040e+02
2.266666666666666572e+02
3.883427835641787169e+02
5.462327451832200040e+02
2.300000000000000000e+02
3.876580662651890634e+02
5.462327451832200040e+02
2.333333333333333428e+02
3.870345875925074210e+02
5.462327451832200040e+02
2.366666666666666572e+02
3.864111089198257218e+02
5.462327451832200040e+02
2.376666666666666572e+02
3.864111089198257218e+02
5.462327451832200040e+02
2.386666666666666572e+02
3.864111089198257218e+02
5.462327451832200040e+02
2.396666666666666572e+02
3.864111089198257218e+02
5.462327451832200040e+02
2.406666666666666572e+02
3.864111089198257218e+02
5.462327451832200040e+02
2.416666666666666572e+02
3.864111089198257218e+02
5.462327451832200040e+02
2.426666666666666572e+02
3.864111089198257218e+02
5.462327451832200040e+02
2.436666666666666572e+02
3.864111089198257218e+02
5.462327451832200040e+02
2.446666666666666572e+02
3.864111089198257218e+02
5.462327451832200040e+02
2.456666666666666572e+02
3.864111089198257218e+02
5.462327451832200040e+02
2.466666666666666572e+02
3.864111089198257218e+02
5.462327451832200040e+02
2.476666666666666572e+02
3.864111089198257218e+02
5.462327451832200040e+02
2.486666666666666572e+02
3.864111089198257218e+02
5.462327451832200040e+02
2.496666666666666572e+02
3.864111089198257218e+02
5.462327451832200040e+02
2.506666666666666572e+02
3.864111089198257218e+02
5.462118129510531617e+02
2.516666666666666572e+02
3.864111089198257218e+02
5.462327451832200040e+02
2.527175991988403894e+02
3.857915888431346048e+02
5.462118129510531617e+02
2.537685317310141500e+02
3.851720687664434308e+02
5.461490417572530305e+02
2.548194642631878821e+02
3.845525486897523137e+02
5.460445080788502992e+02
2.558703967953616143e+02
3.839330286130611398e+02
5.458983392740298086e+02
2.569213293275353749e+02
3.833135085363700227e+02
5.457107134269646167e+02
2.579722618597090786e+02
3.826939884596789057e+02
5.454818591308478517e+02
2.590231943918828392e+02
3.820744683829877317e+02
5.452120552093871311e+02
2.600741269240565998e+02
3.814549483062966146e+02
5.449016303771004459e+02
2.611250594562303036e+02
3.808354282296054976e+02
5.445509628388288093e+02
2.621759919884040642e+02
3.802159081529143236e+02
5.441604798289514520e+02
2.632269245205777679e+02
3.795963880762232066e+02
5.437306570908664298e+02
2.642778570527515285e+02
3.789768679995320326e+02
5.432620182973712417e+02
2.653287895849252891e+02
3.783573479228409155e+02
5.427551344126471804e+02
2.663797221170989928e+02
3.777378278461497985e+02
5.422106229966285582e+02
2.674306546492727534e+02
3.771183077694586245e+02
5.416291474526000229e+02
2.684815871814465140e+02
3.764987876927675075e+02
5.410114162189428271e+02
2.695325197136202178e+02
3.758792676160763904e+02
5.403581819060107136e+02
2.705834522457939784e+02
3.752597475393852164e+02
5.396702403791910001e+02
2.716343847779677390e+02
3.746402274626940994e+02
5.389484297892649920e+02
2.726853173101414427e+02
3.740207073860029254e+02
5.381936295512499555e+02
2.737362498423152033e+02
3.734011873093118083e+02
5.374067592729679745e+02
2.747871823744889070e+02
3.727816672326206913e+02
5.365887776346448845e+02
2.758381149066626676e+02
3.721621471559295173e+02
5.357406812209068221e+02
2.768890474388364282e+02
3.715426270792384003e+02
5.348635033065944526e+02
2.779399799710101320e+02
3.709231070025472832e+02
5.339583125978776934e+02
2.789909125031838926e+02
3.703035869258561092e+02
5.330262119302009296e+02
2.800418450353576532e+02
3.696840668491649922e+02
5.320683369246487473e+02
2.810927775675313569e+02
3.690645467724738182e+02
5.310858546043662045e+02
2.821437100997051175e+02
3.684450266957827012e+02
5.300799619727205254e+02
2.831946426318788781e+02
3.678255066190915841e+02
5.290518845549376010e+02
2.842455751640525818e+02
3.672059865424004101e+02
5.280028749049878343e+02
2.852965076962263424e+02
3.665864664657092931e+02
5.269342110795421377e+02
2.863474402284000462e+02
3.659669463890181760e+02
5.258471950808567499e+02
2.873983727605738068e+02
3.653474263123270021e+02
5.247431512704840770e+02
2.884493052927475674e+02
3.647279062356358850e+02
5.236234247557422350e+02
2.895002378249212711e+02
3.641083861589447110e+02
5.224893797509085971e+02
2.905511703570950317e+02
3.634888660822535940e+02
5.213423979151355070e+02
2.916021028892687355e+02
3.628693460055624769e+02
5.201838766691107594e+02
2.926530354214424960e+02
3.622498259288713029e+02
5.190152274925161464e+02
2.937039679536162566e+02
3.616303058521801859e+02
5.178378742043566945e+02
2.947549004857900172e+02
3.610107857754890688e+02
5.166532512282567495e+02
2.958058330179637210e+02
3.603912656987978949e+02
5.154628018448354396e+02
2.968567655501374816e+02
3.597717456221067778e+02
5.142679764332917784e+02
2.979076980823111853e+02
3.591522255454156038e+02
5.130702307043410428e+02
2.989586306144849459e+02
3.585327054687244868e+02
5.118710239266552549e+02
2.989586306144849459e+02
3.585327054687244868e+02
5.078379809245054730e+02
3.031823229153195598e+02
3.557448651236143746e+02
5.037318385796392022e+02
3.073349856217062097e+02
3.529570247785042625e+02
4.995538476627917817e+02
3.114153537923568820e+02
3.501691844333941503e+02
4.953052808304695986e+02
3.154221845075993542e+02
3.473813440882840382e+02
4.909874322372864981e+02
3.193542572479827868e+02
3.445935037431738692e+02
4.866016171417520582e+02
3.232103742660594321e+02
3.418056633980637571e+02
4.821491715056306475e+02
3.269893609512307648e+02
3.390178230529536449e+02
4.776314515869948423e+02
3.306900661875444030e+02
3.362299827078435328e+02
4.730498335270959274e+02
3.343113627043359770e+02
3.334421423627334207e+02
4.684057129311781296e+02
3.378521474196061831e+02
3.306543020176233085e+02
4.637005044433636272e+02
3.413113417760303605e+02
3.278664616725131395e+02
4.589356413157381098e+02
3.446878920694975932e+02
3.250786213274030274e+02
4.541125749717685949e+02
3.479807697700790641e+02
3.222907809822929153e+02
4.492327745641854335e+02
3.511889718353284024e+02
3.195029406371828031e+02
4.442977265274645333e+02
3.543115210158179025e+02
3.167151002920726910e+02
4.393089341250447433e+02
3.573474661528185266e+02
3.139272599469625220e+02
4.342679169914193835e+02
3.602958824680315502e+02
3.111394196018524099e+02
4.291762106692407883e+02
3.631558718452854464e+02
3.083515792567422977e+02
4.240353661415791748e+02
3.659265631041105848e+02
3.055637389116321856e+02
4.188469493594781738e+02
3.686071122651092082e+02
3.015637389116321856e+02
4.160776929285273127e+02
3.704286153091071583e+02
2.987350966008051500e+02
4.133084364975763947e+02
3.722004743140945493e+02
2.958750954944522391e+02
4.105391800666254767e+02
3.739221495546541973e+02
2.929846067766160331e+02
4.077699236356745587e+02
3.755931165918294710e+02
2.900645109181606927e+02
4.050006672047236407e+02
3.772128664328739092e+02
2.871156974085722595e+02
4.022314107737727227e+02
3.787809056862950001e+02
2.841390644850116018e+02
3.994621543428218047e+02
3.802967567121463048e+02
2.811355188587025964e+02
3.966928979118708867e+02
3.817599577675208593e+02
2.781059754387388807e+02
3.939236414809199687e+02
3.831700631472028817e+02
2.750513570533940992e+02
3.911543850499691075e+02
3.845266433194337878e+02
2.719725941690192030e+02
3.883851286190181895e+02
3.858292850567515870e+02
2.688706246066133758e+02
3.856158721880672715e+02
3.870775915618641534e+02
2.657463932561547608e+02
3.828466157571163535e+02
3.882711825885173198e+02
2.626008517887779021e+02
3.800773593261654923e+02
3.894096945573218136e+02
2.594349583668852119e+02
3.773081028952145743e+02
3.904927806665030516e+02
2.562496773522817648e+02
3.745388464642636563e+02
3.915201109975399731e+02
2.530459790124210713e+02
3.717695900333127383e+02
3.924913726156617031e+02
2.498248392248523828e+02
3.690003336023618203e+02
3.934062696651707256e+02
2.465872391799588854e+02
3.662310771714109023e+02
3.942645234595628381e+02
2.433341650820776181e+02
3.634618207404599843e+02
3.950658725664181929e+02
2.400666078490919801e+02
3.606925643095090663e+02
3.958100728870359717e+02
2.367855628105887149e+02
3.579233078785581483e+02
3.964968977307893283e+02
2.334920294046707170e+02
3.551540514476072872e+02
3.971261378841774103e+02
2.301870108735186591e+02
3.523847950166563692e+02
3.976976016745539368e+02
2.268715139577934679e+02
3.496155385857054512e+02
3.982111150285123813e+02
2.235465485899737246e+02
3.468462821547545332e+02
3.986665215249107632e+02
2.202131275867200486e+02
3.440770257238036720e+02
3.990636824425185409e+02
2.168722663403616195e+02
3.413077692928527540e+02
3.994024768022728722e+02
2.135249825095977485e+02
3.385385128619018360e+02
3.996828014041298047e+02
2.101722957095091715e+02
